1880     -0.18     -0.10
1881     -0.09     -0.14
1882     -0.10     -0.17
1883     -0.18     -0.20
1884     -0.28     -0.23
1885     -0.31     -0.26
1886     -0.31     -0.26
1887     -0.34     -0.26
1888     -0.17     -0.26
1889     -0.10     -0.25
1890     -0.36     -0.25
1891     -0.23     -0.25
1892     -0.26     -0.26
1893     -0.31     -0.26
1894     -0.30     -0.23
1895     -0.22     -0.22
1896     -0.11     -0.20
1897     -0.11     -0.18
1898     -0.27     -0.17
1899     -0.18     -0.17
1900     -0.08     -0.20
1901     -0.15     -0.24
1902     -0.28     -0.26
1903     -0.38     -0.29
1904     -0.49     -0.32
1905     -0.28     -0.34
1906     -0.22     -0.36
1907     -0.39     -0.37
1908     -0.43     -0.39
1909     -0.47     -0.40
1910     -0.42     -0.40
1911     -0.42     -0.38
1912     -0.35     -0.34
1913     -0.35     -0.31
1914     -0.15     -0.30
1915     -0.11     -0.29
1916     -0.32     -0.28
1917     -0.43     -0.27
1918     -0.28     -0.28
1919     -0.26     -0.27
1920     -0.25     -0.26
1921     -0.17     -0.24
1922     -0.26     -0.23
1923     -0.24     -0.22
1924     -0.25     -0.21
1925     -0.20     -0.20
1926     -0.08     -0.20
1927     -0.20     -0.19
1928     -0.18     -0.18
1929     -0.34     -0.18
1930     -0.14     -0.18
1931     -0.10     -0.18
1932     -0.16     -0.18
1933     -0.28     -0.17
1934     -0.13     -0.16
1935     -0.20     -0.15
1936     -0.16     -0.12
1937     -0.04     -0.07
1938     -0.03     -0.03
1939     -0.03      0.02
1940      0.12      0.05
1941      0.18      0.08
1942      0.05      0.09
1943      0.07      0.09
1944      0.21      0.07
1945      0.09      0.03
1946     -0.07      0.00
1947     -0.04     -0.04
1948     -0.11     -0.07
1949     -0.11     -0.09
1950     -0.19     -0.08
1951     -0.07     -0.08
1952      0.01     -0.08
1953      0.07     -0.08
1954     -0.15     -0.07
1955     -0.15     -0.06
1956     -0.21     -0.06
1957      0.04     -0.04
1958      0.07     -0.02
1959      0.02      0.01
1960     -0.02      0.03
1961      0.05      0.02
1962      0.04     -0.00
1963      0.07     -0.02
1964     -0.20     -0.03
1965     -0.10     -0.04
1966     -0.05     -0.05
1967     -0.02     -0.04
1968     -0.07     -0.02
1969      0.07     -0.01
1970      0.03      0.00
1971     -0.09      0.01
1972      0.02      0.00
1973      0.16     -0.00
1974     -0.08      0.00
1975     -0.01      0.02
1976     -0.11      0.04
1977      0.17      0.07
1978      0.07      0.12
1979      0.16      0.17
1980      0.27      0.20
1981      0.33      0.22
1982      0.14      0.22
1983      0.32      0.22
1984      0.17      0.22
1985      0.12      0.23
1986      0.19      0.25
1987      0.34      0.28
1988      0.41      0.32
1989      0.28      0.34
1990      0.44      0.34
1991      0.42      0.34
1992      0.23      0.34
1993      0.24      0.34
1994      0.32      0.35
1995      0.45      0.37
1996      0.34      0.41
1997      0.47      0.43
1998      0.63      0.45
1999      0.40      0.48
2000      0.41      0.51
2001      0.54      0.53
2002      0.63      0.55
2003      0.61      0.58
2004      0.54      0.61
2005      0.68      0.61
2006      0.63      0.61
2007      0.64      0.62
2008      0.52      0.63
2009      0.64      0.62
2010      0.71      0.63
2011      0.59      0.64
2012      0.62      0.68
2013      0.65      0.72
2014      0.74      0.77
2015      0.87      0.81
2016      1.00      0.85
2017      0.91      0.90
2018      0.83      0.94
