country -6.2065e-04  8.5125e-01  2.6492e-01 -3.6451e-02 -1.2183e-01  4.8278e-01 -6.7724e-01  1.7662e-01  8.2051e-01 -5.1553e-01  3.8963e-02 -8.6250e-01 -2.8208e+00  6.5925e-01  9.6428e-01 -3.8047e-01 -5.3510e-01 -3.7374e-02  1.2970e+00 -9.4410e-01 -1.3711e-02 -1.1090e+00 -1.9684e-01 -2.9743e-01  1.0622e-02 -7.3250e-01 -4.9702e-01 -3.8358e-01  4.0424e-01 -6.9326e-01  8.2450e-02 -6.4758e-01  2.2705e-01 -5.4349e-01  1.0523e+00 -5.9987e-02 -6.6786e-02  6.6921e-01 -2.2869e-01 -4.2758e-01 -1.6757e+00 -7.0775e-01 -5.7239e-01  9.5240e-02  3.2405e-01 -3.8617e-02 -4.9288e-01  4.1076e-01 -6.9626e-01  7.1331e-01
country -0.3806  1.0751  0.2599 -0.2718 -0.415   0.1594  0.1095  0.381   0.5576 -0.7044 -0.2813 -0.9118 -3.0217  0.4697 -0.0174 -0.4329 -0.1997  0.3532  0.5522 -0.2645  0.2174 -1.2938  0.6697 -0.0042  0.423   0.6644 -0.1183 -0.2187  1.0411  0.0888  0.0163 -0.7851 -0.1549 -0.5794  1.8764 -1.2495 -0.2624 -0.4503  0.6276 -0.3463 -1.3085 -0.6714 -0.5287  0.288  -0.1147  0.8855 -0.2103 -0.6319 -0.6891  1.2523
country  0.5975  0.4361  0.3744  0.0572  0.3284  0.3002  0.0825  0.9476  0.65 -0.544   0.3666 -0.8548 -4.0582  0.8213  0.9249 -0.4916 -0.4747  0.59  0.5048  0.3176  0.4819 -0.666  -0.2855 -0.0607  0.3582 -0.2927  0.0499 -0.3359  0.459  -0.4223 -0.071  -0.6392  0.3025  0.1195  0.902   0.2189  0.4369  0.1841 -0.846   0.0399 -0.3769 -0.5426  0.1808 -0.1493  0.1376  0.238   0.3364  0.6447 -0.462   0.2448
country -0.0184  0.4295  0.4162 -1.0125 -0.48    0.3564 -0.1976  0.2697  0.6978 -0.2188  0.5387 -1.3176 -2.9452  0.6038  0.7875 -0.2291 -0.4485 -0.072  0.4114 -0.2174  0.6274 -1.2081 -0.575  -0.7593 -0.242   0.2812  0.2628  0.0599  0.4914 -0.8825 -0.1926 -0.7088  1.0412 -0.0135  1.3144  0.0035  0.4886  0.4322 -0.1175  0.2312 -0.9117 -0.4166 -0.328   0.5758  0.0681  0.3034 -0.5382  0.0507 -0.7536  0.2919
country  0.3101  0.8546  0.6535 -0.4481 -0.6138  0.5208 -0.3036 -0.0061  0.6592 -0.0537  0.5508 -0.7671 -3.1083  0.5694  0.2702 -0.3698  0.0601  0.3657 -0.3002 -0.7289  0.9889 -0.9655  0.381  -0.6547  0.3365  1.1757  0.5453  0.2096  0.5863 -0.7233  0.1533 -0.5371  0.9093  0.1088  1.2903 -0.7945  0.3081  0.2405 -0.0171  0.4525 -0.56   -0.836  -0.3773  1.2772  0.015 -0.14   -0.6986 -0.438   0.0419  0.3717
country -0.1969  0.4419  1.089   0.2093 -0.7344 -0.0744  0.0727 -0.1054  1.1909  0.4111  0.7406 -1.2635 -2.983   0.3107  0.8038 -0.3534 -0.2051  0.2774 -0.5706 -0.2017  1.0476 -0.9098  0.086  -0.2693  0.0552  1.0879  0.6111  0.0845  0.4624 -0.3814  0.257  -0.4031  0.2463  0.5577  1.3391 -0.6648  0.5384  0.4328 -0.4308  1.2367 -1.4413 -1.2309 -0.3164  0.966  -0.4792  0.6535 -0.8927 -0.2601 -0.0816 -0.3846
country  0.8346  0.2238  0.3017 -0.1471 -1.2804  0.4501 -0.2381 -0.2113  1.1975 -0.6183  0.1283 -1.3535 -2.9117  0.285   0.4721 -0.8202 -0.8652  0.2624  0.4559 -0.4514  0.9578 -0.0308  0.3337 -0.8238  0.4888  0.7531 -0.4578  0.8778  0.631   0.044  -0.1055 -0.6347 -0.1619 -0.0383  1.7021  0.3434  0.4299  0.4075 -0.4976 -0.1405 -0.2017 -0.6456 -0.2658  0.9044 -0.1994  0.3391 -0.8675 -0.1579 -0.3227  0.4027
country  5.2820e-01  5.8077e-01  2.8444e-01 -2.2114e-01 -3.7380e-01 -5.5247e-02  5.9732e-03  5.7660e-01  3.5873e-01  1.1020e+00 -3.5701e-01 -1.1259e+00 -1.9082e+00  1.9276e-01  8.9544e-01 -1.3212e+00 -1.8574e-01 -6.2629e-01  2.1219e-01  5.6533e-01 -2.5143e-01  1.0018e-01 -8.5897e-01 -4.0871e-01  2.6476e-01  7.2606e-01 -2.1040e-01 -3.4918e-01  5.6553e-01 -4.6014e-01 -1.8678e-01 -3.8835e-01  7.3457e-01  5.0299e-01  9.3490e-01 -8.0999e-01  8.9642e-02  5.6069e-01  5.5944e-01 -8.1663e-01 -1.0630e+00 -6.8896e-01 -6.6853e-01 -1.2188e-01 -1.8214e-03  1.6902e-01 -3.2115e-01  3.2625e-01  3.8491e-01 -5.7199e-01
country  8.7494e-01 -1.1845e-01  1.8340e-02 -4.7398e-01 -3.4177e-01  2.9796e-01  1.2020e-01  2.6380e-01  1.0813e+00 -7.9620e-01  1.6719e-01 -9.0528e-01 -3.4412e+00  2.7810e-01  8.3206e-01  2.5436e-01 -3.7661e-01  3.0781e-01 -5.2508e-02  3.3287e-01  1.0066e+00 -1.0742e+00  3.0066e-01 -7.7428e-01  4.0160e-01  2.9626e-01  2.0708e-01  4.8196e-01  5.2663e-01 -4.6218e-01 -2.2526e-03 -6.3885e-01  4.7587e-03 -3.1714e-01  1.4741e+00 -3.0904e-01  1.8185e-01  6.1836e-01 -1.9393e-01  3.7753e-01 -3.7904e-01 -4.4765e-01 -2.8989e-01  6.2879e-01  1.1317e-01 -2.9558e-01 -6.7972e-02 -1.4925e-01 -2.5935e-01  4.7483e-01
country  0.5651  0.0604 -0.5441  0.2548 -0.2237  0.4854 -0.5463 -0.1067  0.4685  0.2339  0.1507 -1.4574 -2.9231  0.5579  0.5481  0.615  -0.4939  0.4839 -1.0035  0.2712  1.3026 -1.5639  0.2666 -1.4163  0.4751 -0.0773 -0.0846  0.5524 -0.2518 -0.3068  0.2789 -1.1061 -0.8812 -0.2875  1.6772  0.0128  0.0448 -0.1418  0.5557  0.3148 -0.371  -1.2528 -0.43    1.3489  0.0158 -0.4996 -0.1877 -0.0701  0.9635 -0.6658
country  0.5375 -0.2938  0.7647 -1.0347 -0.7207  0.3254 -0.1151  0.7549 -0.1183  0.007   0.7894 -1.0236 -3.7223  0.435   0.8213 -0.4191  0.3099  0.0568 -0.3959 -0.6928  0.1981 -0.4328  0.219  -0.8379 -0.0718  1.3227  0.6615 -0.4584  0.1195 -0.8763  0.8343 -0.351   0.9162  0.2965  1.648  -0.0594  0.1494  0.2097  0.2357  0.5369 -0.4331 -0.4778  0.0339  1.0638  0.0815  0.004  -0.4203 -0.1556  0.2783 -0.1549
country -0.2668  0.7714  0.2549 -0.7366 -0.286   0.6117 -0.5835  0.4798  0.4353 -0.3158 -0.3107 -1.5369 -3.2502  0.4634  0.9292 -0.5875  0.0665 -0.2688  0.9564  0.1133 -0.2591 -0.8583 -0.774   0.1775 -0.2105 -0.1454 -0.4694 -0.213   0.137  -0.1859  0.7574 -0.5603  0.495  -0.0365  1.3404 -0.1996  0.3341  0.6455 -0.1528 -1.1615 -1.0375 -0.2494 -0.422   0.4658 -0.1613 -0.262  -0.4347 -0.0869 -0.0923  0.0763
country  0.0127  0.9894  0.5981 -0.3574 -0.29    0.5118 -0.0782  0.3176  0.5248  0.0167  0.604  -1.3562 -2.915   0.5824  0.7744 -0.4168 -0.1893  0.0123 -0.0608 -0.2622  0.7087 -1.2757  0.3348 -0.2414  0.1716  0.2834  0.309 -0.0237  0.3681 -1.0999  0.0203 -0.5032  1.1981  0.302   1.3844 -0.1848  0.5456  0.3373 -0.3856  1.0099 -0.9657 -1.0875  0.5254  0.7409  0.3119 -0.2119 -0.9081 -0.1839  0.2462 -0.1549
country  0.0814  0.1594  0.6511 -1.1155 -0.8859 -0.2558 -0.5166 -0.3855 -0.132 -0.2864  0.6021 -0.296  -2.4767 -0.4575  0.5131 -0.5651  0.3908  0.6272 -0.4781  0.3822  1.1221 -0.8761 -0.0966 -0.4806  1.0411  0.936   0.4472  0.2337  0.0714 -1.3564  0.4044  0.0552  0.5027 -0.2983  0.7585 -0.5899  0.7095 -0.0317  0.1726  0.6078 -0.4695 -0.474  -0.6951  0.72   -0.2013  0.0887 -0.2009 -0.5327  0.7452  0.2142
country  5.3532e-01  3.8164e-01  7.4888e-01 -6.6676e-01 -1.6869e-01 -2.1496e-01  1.7576e-02  1.0324e-01  5.0679e-01 -2.9674e-01  2.2679e-01 -1.3417e+00 -3.3369e+00  1.3228e-01  4.8170e-01 -8.9336e-01  1.4294e-02  1.4343e-01 -5.5572e-01  6.4560e-02  1.0497e+00 -8.5279e-01  1.9671e-01 -4.7781e-01  3.8503e-01  1.2545e+00  5.4678e-01  3.6271e-02  4.2569e-01 -8.3747e-01  4.2429e-01 -3.0788e-01  7.4988e-01  3.8792e-01  1.4444e+00 -2.5723e-02  3.9073e-01  6.7665e-01 -1.5447e-04  2.0923e-01  4.4223e-01 -6.0919e-01 -1.7646e-01  1.3232e+00  1.5755e-01  1.6069e-01 -2.2486e-02 -4.1730e-01  2.6093e-01  2.5568e-01
country  0.2736  0.4858  0.7099 -0.92   -1.1441  0.1607  0.2356 -0.2476  0.3057  0.0497  0.3936 -1.21   -2.5809  0.5055  0.3655 -0.2589 -0.129   0.0883 -0.2395 -0.257   1.3462 -0.4536  0.3965 -0.8356  0.6642  1.1588  0.4379  0.5869  0.2663 -0.5919  0.1877 -0.4236  0.9137 -0.3864  1.7245 -0.5322  0.5996  0.3068 -0.5617  0.6231  0.3801 -0.5692 -0.4032  1.1833 -0.2859  0.1884 -0.2777 -0.5138 -0.2081  0.1727
country  0.4051  0.061   0.7385 -0.6452 -1.3079  0.5935 -0.0888 -0.7539  0.5013  0.1224 -0.0916 -0.7419 -2.1143  0.7752  0.0123 -0.3195 -0.2571  0.3055  0.2695  0.4105  1.3485 -0.1043  0.4353 -0.5939  0.8124  0.8073  0.244  0.7244  0.3671  0.0599  0.4345 -0.4257  0.9732 -0.8148  1.6707 -0.8313  0.6288  0.7806 -0.862   0.9925  0.4074 -0.2455 -0.6502  0.9677 -0.6905  0.4792 -0.0065 -0.6891 -0.4521  0.551 
country  0.6295  0.4148  0.1917 -0.4024 -0.7629  0.0939 -0.5343 -0.7289  0.8008 -0.5074  0.0777 -1.67   -2.3261  0.0475  0.457  -0.8822 -0.0406  0.364 -0.5931  0.1638  0.9555 -0.9522  0.1694 -1.0486  0.8178  1.1439 -0.0525  0.6566  0.4754 -1.1167  0.2642 -0.0976  0.052  -0.2812  1.342  -0.5705  0.6603  0.169  -0.0654  0.8778  0.0661 -0.5305 -0.0741  0.7463  0.2385  0.577  -0.3346 -0.6274  0.2727  0.1072
country -0.24    0.6105  0.3519 -0.6349 -0.7253  0.1716 -0.5311 -0.7733  0.6006 -0.3775  0.2464 -0.9923 -1.6938  0.1255  0.512  -0.4228  0.0816  0.2476  0.0881  0.0159  1.3617 -0.8328  0.3969 -0.7659  0.5072  0.198   0.3339  0.7188  0.4893 -1.0633  0.1714 -0.8846  1.2    -0.1816  0.7194 -0.8556  0.4303  0.5119  0.0393  0.9009 -0.4583 -0.4203 -0.3276  1.113  -0.1016  0.3325 -0.1036 -0.5964 -0.2117  0.2292
country -0.0272  0.4084  0.4198  0.2848 -0.4856  0.0657 -0.1058 -0.7008  0.6999 -0.2256 -0.339  -1.5874 -2.4431  0.8866  0.2919 -0.6001 -0.6146  0.6762  0.0185 -0.3099  1.53   -1.0474  0.2607 -0.7599  1.2449  1.3453  0.0167  0.5021  0.5123 -0.6039  0.1671  0.2286  0.9056 -0.0217  1.1731  0.2693  0.5619  0.4428 -0.5974  0.2765 -0.332  -1.0068 -0.1382  0.5005 -0.0674 -0.3772 -0.8373 -0.2241  0.0757  0.8608
sports  0.2995  0.2783  1.9256 -0.9984  0.2467  1.0512  1.1275  0.4537  0.1958 -0.3656 -0.7325  0.2571 -2.3417  1.4627  0.3824 -0.3002 -0.2013 -0.1989 -0.2099  0.4659  0.9476  0.4921  1.645   0.22   -0.3736  1.1723 -0.4568  0.8711 -0.3022 -0.9353  0.3158 -1.1569  0.8975 -0.9043  0.4899 -0.6953  0.8385  0.117   0.5671  0.2378  0.4338 -0.0846  0.4069  0.3354  0.2107 -0.2467  0.3169  0.0756  0.3684 -0.5448
sports  0.9846 -0.2226  1.0495 -1.077  -0.1514  0.8602  1.4453  0.8545 -0.1309 -0.1956 -0.5071  0.3409 -2.7525  1.1148  0.3584  0.1096 -0.4217 -0.7133 -0.2335  0.2581  0.9429  0.9984  1.484  -0.4464 -0.158   0.3716 -0.1505 -0.1276 -0.3806 -0.8278  0.452  -1.3457  0.5058 -0.9147  0.5908 -1.0189  0.5475  0.3326  0.3887  1.2068 -0.2605  0.0547  0.4764  0.6882  0.6688  0.1236  0.5939  0.0797  0.3926  0.2739
sports  0.48    0.1241  1.1661 -0.6683  0.9621  0.4534  0.2649 -0.1739 -0.4283 -0.5698  0.8168  0.8095 -1.1462  0.6781  0.1451 -0.3179 -0.5051  0.1501  0.585  -0.6836  0.8509  0.0356  1.5696  0.4088 -0.3013  0.9635 -0.9198  0.5572 -0.9116  0.2724  0.9912 -0.4163  1.2437 -0.8904  0.3765  0.3844  0.556   0.2114  0.2356 -0.2369  1.0622  0.0911  0.4742 -0.2436 -0.05 -0.5259 -0.6867  0.0489  1.2859  0.9441
sports  0.9836 -0.101   0.3631 -1.348  -0.6001  0.4745 -0.5028  0.3598  0.1012 -0.4555 -0.0059 -1.0868 -3.1011  0.0461  0.1489 -1.0458  0.5261 -0.422  0.3461  0.4434 -0.4729  0.4216  1.2687  0.0374 -0.874   1.0687 -0.4935 -0.7064 -0.2053 -0.2352  1.0227 -0.7164  0.2965  0.1929  1.663  -0.0125  0.6858 -0.4138  0.9382 -0.0097  0.0321  0.1381 -0.0925  0.893   0.19  0.7098  0.0694 -0.7544  0.8326  0.2088
sports -0.7109 -1.1671  0.5295 -0.357   0.072  -0.2322  0.1086  0.4154  0.8784  0.3465 -0.0787  0.9436 -2.1587  0.5226  0.1381 -0.041  -0.4753 -0.6651 -0.1859  0.1275 -0.1913  0.1956  1.1395 -1.0105 -0.1736 -0.8076  0.4941  0.0708 -0.2581 -1.2108  0.2804  0.2733  0.5628 -0.7078  0.7715 -0.5287 -0.6226  0.6163 -0.1288  0.8669 -1.037  -0.0274  0.059  -0.4201 -0.1665  0.202   0.9849  0.3034 -0.0169 -0.6392
sports -0.421   0.6171  1.1284 -1.2935  0.135   0.3353  0.7548  0.0291  0.457  0.1663  0.9419  0.6809 -2.0919  0.7004  0.6459  0.0369 -0.064  -1.0116  0.0512 -0.3375  0.5913  0.1744  0.7375  0.1687 -0.4919  0.9089 -0.6069  0.6596 -0.6785 -0.8502  0.4142 -0.5463  1.4293 -0.7031  0.7323  0.4372  0.7206  0.2201  0.8044 -0.0041 -0.5701 -0.6636 -0.093   0.2383  0.6842  0.7929 -0.8613  1.0492  0.2276 -0.2235
sports  0.0618  0.5059  0.9971 -0.6    -0.2677  0.4414 -0.8744  0.4554  0.1607 -0.0773 -0.5462  0.1057 -1.0477  0.6099  0.5504  0.1097 -0.3579 -0.431  0.2048  0.7467 -0.0997  0.876   1.7407 -0.3834  0.4077  0.0032 -0.1974  0.2214 -0.2894 -1.1376  1.4321 -0.8744  0.1697 -0.5251  0.568  -0.1647  0.2339 -0.4592  0.7564  0.0744 -0.2563 -0.2985 -0.372   0.5704  0.5257  0.3577  0.1968  0.6443  0.3313 -0.7623
sports  1.0757e+00 -3.2659e-01  4.6684e-01 -1.0636e+00  5.4728e-02  8.6977e-01  1.5878e+00  8.5765e-01 -1.6781e-01 -3.5308e-01 -1.7096e-01  6.8936e-01 -2.6424e+00  1.0243e+00  4.9806e-01  1.1470e-01 -4.3109e-01 -6.1895e-01 -2.6777e-01  3.6351e-01  9.8145e-01  1.2719e+00  1.1649e+00 -6.5597e-01 -2.9558e-01  8.4859e-01 -1.9032e-02 -2.5925e-01 -3.0610e-01 -4.2345e-01  1.9546e-01 -1.0421e+00  6.5152e-01 -6.7907e-01  1.9644e-01 -7.8511e-01  5.0300e-01  4.0576e-01  5.8540e-01  1.3869e+00 -2.0920e-01  1.9912e-01  5.5101e-01  2.7446e-01  7.3342e-01  5.7477e-02  3.3885e-01 -3.6866e-01  4.4895e-01 -1.7582e-03
sports -0.5056 -0.4794 -0.4097 -0.1442 -0.0287 -0.5679  0.2333 -0.4442  1.0091 -0.0689  0.916   1.4659 -0.9869  0.3824  1.0527  0.3081 -0.133  -0.0366  0.18    0.4998  1.0905 -0.0098  0.6494 -0.4315  0.192   0.9939 -0.937  0.411  -0.053  -0.4935  0.9197 -0.2751  1.4365 -1.1     0.5848 -0.0219  0.5518  0.7669  0.9642  0.1681  0.0703  0.1318 -0.2343 -0.5661  1.1435  0.8633 -0.3435  0.7085  0.7356  0.5918
sports  1.4059e+00 -3.0902e-02  4.2835e-01 -8.4408e-01 -5.0894e-01  8.6150e-01  9.4421e-01  2.1549e-01 -6.6426e-02 -5.8983e-01  3.3213e-01  3.1655e-01 -3.1394e+00  7.0154e-01  4.7585e-01 -7.3241e-02  2.7580e-01 -1.9414e-01  9.8886e-02  6.1907e-01  9.1487e-01  1.1101e+00  1.1217e+00 -6.8954e-01  5.6738e-01 -5.9444e-02  1.6200e-01 -8.0007e-02 -8.3079e-01 -8.3904e-01  2.3994e-01 -9.4377e-01  4.3212e-01 -2.7892e-01  1.4865e+00 -7.7747e-01  6.1561e-01 -1.3058e-01  2.2800e-03  1.2942e+00 -5.0330e-01 -5.6824e-02  3.8051e-02  6.5978e-01  7.2487e-01  3.4387e-01  4.2702e-01  2.7728e-01  4.0567e-01 -2.4305e-01
sports  1.1729  0.1282  0.4891 -1.0303  0.0395  0.8488  0.9262  0.7159 -0.1024  0.1977  0.1368  0.3855 -3.2301  0.9375  0.3759 -0.5576 -0.3632 -0.3603 -0.181  -0.1154  0.4663  0.4112  1.1711 -1.0818 -0.2162  0.6447  0.3081 -0.3147 -0.3992 -0.9761 -0.1351 -1.2893  0.7937 -0.3698  0.9623 -0.4269  0.5099 -0.198   0.5582  1.0566 -0.7455 -0.1265  0.2685  0.4141  0.5856  0.3102  0.4049 -0.0047  0.0401 -0.1914
sports  0.6089  0.7205  0.8897 -1.147   0.0085  0.8751  0.1716  1.0339  0.4527  0.2374 -0.1018 -0.2872 -1.4546  0.8211  0.5252 -0.4141  0.3218 -0.9706 -0.4939  0.0791 -0.1913  0.3356  0.5083 -0.6457 -0.1289  0.701  -0.305 -0.6359 -0.3218 -0.7908  1.1865 -0.7338  0.4331 -0.5942  0.678  -0.8723  0.4174 -0.2886  1.0858  0.4022 -0.9686 -0.0895 -0.022   0.4058  0.7444  0.2718 -0.8504  0.1455  1.2351 -0.52  
sports -1.5099 -0.5055  0.0667 -0.1455 -0.2163  0.5724  0.4796 -0.2187  0.6341 -1.2428 -0.0509  0.2695 -1.8395  0.2733  0.106  -0.8285 -0.0626  0.3194 -0.254   0.4693  1.1447 -0.4981  1.014  -0.2586  0.0622  1.1978 -0.6222 -0.1112  0.1614  0.0033  1.1886 -0.64    1.5072 -0.0947  0.5622 -0.4057  0.2279 -0.2144  0.6824 -0.2891  0.0264 -0.3862  0.7809  0.2669  0.6851  1.1436 -0.4808  0.7247  0.0249  0.8242
sports -0.1672  0.8769  0.8698 -0.9054 -0.0158  0.1473  1.4768  0.4547  0.2193 -0.6353  0.7425  0.9819 -3.1014  1.1822  0.7263  0.475  -0.1136 -0.5951 -0.2476 -0.409   0.1392  0.0746 -0.4578 -0.8666 -0.4505  0.3121 -0.8621  0.3515 -0.5867  1.0243 -0.2556 -0.2703 -0.3941  0.3076  0.3517  0.0251 -0.988   0.4827  0.6429 -1.0429 -0.5093 -0.3153  0.398   0.1529  0.012  0.866  -0.5233 -0.2206  0.4025  0.1617
sports  0.4345 -0.1838  0.9989 -0.7268 -0.0693  0.6741  0.2408  0.1862 -0.306 -0.4305  0.3535  0.3748 -2.5935  0.6839  0.2714 -0.1868  0.0259 -0.251 -0.391   0.276   0.2689 -0.0102  1.563  -0.834  -0.3289 -0.0036  0.0604  0.0218 -0.7945 -1.1845  0.7777 -0.963   0.315  -0.4004  1.0636 -0.4163  0.7566 -0.3512  1.0318  1.0162 -0.7     0.0853 -0.3734  1.0126  0.7539 -0.0263  0.1191  0.231   0.5411 -0.684 
sports -0.1955  0.3989  0.6355 -0.703   0.6603  0.3209  0.1505 -0.0477  0.6865 -0.6064  0.1768  0.1862 -1.0387  0.4566  0.493   0.1878  0.1473 -0.1975  0.6182  0.0355 -0.0055  0.8707  1.1515 -0.2321 -0.0236  1.1575 -0.7374  0.8145  0.13   -0.5384  0.9457 -0.6392  0.9359 -1.2603  0.6668 -0.5414  0.4325  0.056   0.6862 -0.161   0.8119  0.0143  0.148   0.3371  0.4102  0.8082  0.2606  0.2881  0.6784 -0.3355
sports  0.571   0.2253  1.019  -0.8602  0.4411  0.8494  1.0455  0.7939  0.4876 -0.4957 -0.3178  0.235  -2.8654  0.7592  0.3172 -0.1171  0.2118 -0.3467  0.3069  0.1861  0.3506  0.9843  1.2886 -0.519  -0.3893  1.0436 -0.041  0.0436 -1.0101 -0.2068  0.2667 -0.98   -0.0271 -0.4629  0.3059 -1.009  0.7643 -0.211   0.3228  0.1634 -0.1288 -0.2869  0.619   0.4119  0.5857  0.472   0.3722 -0.3029  0.375  -0.7668
sports -0.0339 -0.2883  0.2163 -1.1035  0.599   0.552   0.1847 -0.1346  0.3058 -0.3849  0.269   1.2187 -2.9227  1.0018  0.5933  0.2621  0.1636 -0.1901 -0.1125  0.453   0.291  -0.1201  1.035  -0.9221 -0.2903  0.1403 -0.0424 -0.0231  0.0706 -1.115   0.699  -0.7738  0.758  -0.6361  0.8479 -0.1426  0.6175  0.3123  0.6944  0.5719 -0.9404  0.4276 -0.2484  0.3701  1.034  0.4073  0.0462  0.2618  0.1681 -0.2678
sports  1.3956 -0.4562  0.806  -1.1747  0.1087  0.9312  1.6685  1.0646 -0.3273 -0.0814 -0.2072  1.0281 -3.5886  0.9795  0.6662 -0.2836 -0.3923 -0.3189  0.0088  0.3256  0.8514  0.8246  1.3818 -0.7957 -0.2457  0.37    0.3644 -0.4707 -0.7132 -0.4726  0.267  -0.9391 -0.3514 -0.3133  0.6334 -0.6591  0.2657  0.3665  0.5775  0.6213 -0.2409  0.1309  0.7307  0.275   0.5458 -0.0047  0.539  -0.2413  0.1229  0.3047
sports -0.6668 -0.3722  0.9173 -0.9048  0.5274  0.9148  0.8142 -0.5046  0.3624 -0.9606 -0.0796  1.1763 -2.4529  0.2128 -0.7491 -0.1452  0.0671  0.1296 -0.045  -0.2459  0.8986 -0.5033  0.2806 -0.0214 -0.2892  0.5584 -1.0962  0.2319  0.111   0.2255  0.5224  0.1362  1.1141 -0.5928  0.0318 -0.0715  0.8064  0.6097  0.3959 -0.0559  0.3628  0.2885 -0.5603  0.0055  0.2499  0.1498 -0.5334  1.0887  0.6711  0.7202
